spawns:
  default:
    world: 811b9c53-f6c9-413f-bb44-f07c94b541ce
    world-name: spawncore
    x: 27.594643959026214
    y: 112.0
    z: 14.699825229555028
    yaw: 178.66879272460938
    pitch: 4.6966681480407715
